voltage=[-25,-23,-21,-19,-17,-15,-13,-11,-9,-7,-5,0,0.1,0.2,0.3,0.4,0.6,0.8,1.0,1.2,1.4,1.6,1.8,2.0,2.2,2.4]
current=[-25,-15,-13,-11,-9,-7,-5,-4,-3,-2,-1,0,0,0,0,0.5,1,2,3,5,7.5,10,15,20,25,30]